1501.22 50.8321
4966.03 27.4178
3786.38 29.5511
4369.98 27.7678
4316.34 31.5733
4435.93 27.9706
1973.9 44.463
130.051 340.85
4158.46 31.8106
975.238 65.4085
3593.25 31.7839
4065.98 31.7202
4908.14 27.2652
3552.5 33.995
4771.71 27.1933
4423.4 30.0316
4691.15 29.7023
3897.65 32.9562
1606.1 370.154
1981.65 45.9244
4602.32 28.7185
2578.31 37.4748
204.525 578.934
4400.56 31.1716
2564.76 40.2226
2451.09 39.6707
594.062 85.123
5822.29 26.7792
2544.78 40.1967
1527.51 49.031
3880.69 29.3198
1687.11 51.6183
2052.59 46.6902
1232.28 58.547
1492.92 55.8972
3636.67 34.7531
273.073 226.987
4306.22 28.3606
1937.77 47.3135
1395.9 55.3118
2142.51 44.1459
1980.96 48.1973
3596.5 35.5252
2858.03 38.7655
667.456 85.1259
1102.69 63.006
3352.38 33.5186
2775.28 41.8203
4245.72 29.8006
1776.79 45.9969
4587.17 30.3156
3934.25 29.1123
1561.16 47.7822
2135 43.5206
3211.52 38.0503
5331.66 27.7556
1615.22 50.1459
202.491 281.474
752.162 78.9654
4577.53 30.1427
3436.36 34.4475
5695.43 26.6744
3723.61 34.2512
3954.42 33.3045
1417.73 56.7945
2465.57 41.0435
420.999 211.784
1795.62 45.1224
4218.2 28.1525
1439.95 53.4102
4662.72 28.608
1424.59 54.4375
1535.35 50.9272
2759.94 38.8642
4793.73 28.1308
4279.49 31.7297
3071.44 35.0899
4046.23 31.6535
2728.08 39.3558
2548.34 38.7226
4841.05 29.1118
4438.78 29.4271
2298.39 43.3411
1774.72 47.0623
4679.87 24.9506
3320.11 35.1042
3425.53 36.0383
2663.85 40.2348
681.897 77.8342
2814.28 39.2561
2702.83 41.5893
1145.09 105.355
5847.88 26.7286
3352.76 36.1165
1958.55 46.5639
1144.77 71.9663
3497.23 35.417
179.669 450.036
1777.92 48.1609
1086.21 57.2202
3310.11 36.9661
4000.29 33.0463
4302.37 30.5183
2705.48 40.9472
5462.61 27.4778
3144.17 35.2931
1206.08 59.2184
3669.24 31.6787
1021.2 66.6584
3233.33 37.9347
4630.37 29.1249
5275.02 27.9558
984.613 64.8486
4692.01 27.5275
5227.45 28.079
3264.11 37.1657
1330.2 55.4585
2866.13 41.1085
2492.1 38.8897
3451.65 34.8711
4120.54 31.8056
2585.66 40.1789
1605.11 311.257
1463.38 51.4591
5216.17 28.1087
2527.7 40.6549
4785.77 29.5595
1872.38 45.9011
2055.29 45.8139
2620.13 41.0549
332.016 106.536
3424.79 33.048
3961.09 33.2069
4613.93 29.9769
927.046 70.1269
3823.61 32.7143
5625.34 27.1408
1527.17 52.6331
819.075 9.95287
4383.09 29.7886
4441.51 30.6107
1830.63 47.9544
512.37 100.537
1569.15 51.4776
2766.86 42.1038
3567.1 30.7777
6128.46 26.369
2657.48 41.328
540.51 139.019
5671.53 26.7329
2604.52 40.2405
4190.59 32.2527
4131.31 30.8472
2765.24 40.9153
1289.26 51.461
977.885 158.427
945.318 68.2398
496.786 107.66
1193.25 59.8346
297.399 329.98
6239.14 26.2551
1227.58 58.9379
1070.16 62.8715
4241.31 31.6277
257.901 269.232
4396.14 31.0424
915.484 68.1753
3756.96 34.1082
668.18 77.4903
1731.59 45.7001
3573.9 35.6095
4006.92 32.3836
2205.69 42.2929
5363.87 26.842
702.179 68.8678
1194.01 61.5532
3778.98 30.6619
106.387 417.358
1709.85 49.372
2603.95 36.6295
2043.72 97.8818
2618.27 40.4123
4430.68 31.0434
2150.15 45.7085
1843.62 49.4835
528.246 90.0937
3894.23 33.2178
2571.13 42.5531
4843.36 27.8977
1886.26 42.6666
1860.62 45.0214
4122.58 31.7645
8054.14 23.61
739.173 74.5404
273.518 102.16
4019.01 32.2188
1037.47 65.386
4085.97 29.5739
4385.77 28.7487
2524.06 40.2494
2199.03 41.4509
1203.5 60.7518
2763.84 41.2701
1867 42.8359
2584.27 41.7252
4457.36 30.7769
2137.81 42.5954
4313.19 27.8586
2014.85 44.4745
1848.24 43.0181
4082.18 32.1751
4421.72 30.5543
2596.57 39.424
4950.5 27.1511
4095.43 29.8939
3268.56 36.2678
4386.31 31.1597
1384.33 55.5672
1220.19 59.5964
2602.47 40.2528
2592.01 38.0554
1521.42 54.6166
3315.69 37.549
4481.55 30.8374
5739.95 26.9085
3719.65 33.8806
831.647 70.7469
2647.3 38.8699
295.656 332.376
2584.1 43.2904
5264.46 27.7693
4815.6 29.4314
1193.31 56.2136
2026.51 37.1664
2286.96 42.659
1211.87 58.8167
3242.58 35.8684
106.555 44.5333
4139.33 32.4754
3171.81 38.6896
4470.27 30.3568
2815.06 38.1704
5783.92 26.7211
1565.47 51.1086
2260.36 40.2004
4945.56 28.9201
3616.75 30.5511
5737.25 26.8999
3888.67 31.1349
3134.46 37.7453
4610.14 29.019
1060.48 65.9719
3971.09 29.9161
3481.02 32.3488
420.277 124.288
1675.12 47.4825
2693.06 42.719
3090.88 38.3914
2784.22 38.9078
1434.7 53.7202
2653.72 40.3372
1825.3 47.7361
3904.84 29.2041
1805.7 48.1128
819.083 146.979
1667.71 50.6416
800.207 216.369
541.016 126.751
2537.02 40.1878
4389.51 30.5001
1582.15 49.595
2570.98 40.1858
957.058 66.4467
663.362 80.0424
3766.53 31.3695
886.058 73.0839
2868.66 37.9894
1929.13 49.274
2572.7 39.9448
2765.72 37.5031
5497.6 27.3759
5050.4 28.0853
1330.18 55.368
3286.15 37.292
4185.31 32.0934
4195.28 31.2113
4447.84 27.3738
130.858 193.534
4609.11 29.852
2804.55 39.8335
2661.92 40.389
1811.66 46.15
310.021 119.639
1684.37 50.7436
3152.29 35.9531
3115.85 38.8347
1440.55 56.2112
1814.6 48.9919
5173.15 28.0705
3284.83 32.6861
3003.68 39.0762
4551.78 30.4459
3762.52 32.7656
217.192 178.038
798.994 74.1909
3160.84 37.4246
4536.65 29.822
452.934 233.286
3264.1 36.6342
3381.68 33.0379
2535.12 37.5581
4340.71 29.8744
4876.33 29.2031
2692.35 39.6322
1096.23 61.2534
3505.66 35.3029
381.686 97.4257
2562.64 43.1068
4179.37 28.8982
2647.82 40.8849
1841.72 47.216
2538.55 37.8884
1289.76 55.2377
2727.63 39.5005
4154.77 32.2856
5074.77 28.3874
1513.13 49.2279
1275.4 56.4031
1438.87 51.931
1114.99 60.2983
1311.03 61.1443
3819.24 30.3942
3905.9 31.7359
2920.58 35.9601
3939.8 32.7842
5275.59 27.9084
4079.49 29.2727
2669.13 38.8269
2773.34 39.7735
4533.59 30.3451
5379.42 27.3514
5441.51 27.3875
5132.39 27.704
1987.67 46.7084
1415.28 56.2194
3896.61 33.1397
1766.93 48.6875
1116.34 62.0494
181.672 324.555
1373.14 58.0862
4913.27 27.7705
2606.81 40.4652
1543.55 54.3938
1524.85 52.8679
4961.18 28.749
699.069 76.4237
3763.88 34.1936
1469.48 52.4917
5132.36 27.146
2363.1 41.622
3916.94 30.36
2360.59 38.4238
2589.13 41.0246
3449.88 35.3226
701.119 84.4736
3641.49 34.1139
1406.21 58.6574
2585.33 41.4446
5982.33 26.4604
3750.58 34.1504
1228.43 67.854
525.531 97.2382
820.091 73.5072
1305.25 54.3051
4543.55 27.2652
2690.61 40.9558
216.246 303.163
991.098 65.7281
1287.63 57.8995
1066.73 63.3895
2336.2 48.9993
4169.05 31.1754
3171.08 35.061
1120.02 61.9509
591.569 83.8391
412.678 109.529
1319.5 59.002
2967.29 36.674
283.384 120.901
3153.92 36.5054
2598.09 42.6616
4725.31 28.8956
1899.55 47.077
131.174 210.416
2522.56 37.529
4010.25 32.8564
4724.58 29.5406
5792.29 26.7648
2962.23 37.2282
3326.81 36.0204
977.68 45.0155
1196.91 61.1466
4790.89 29.4154
2468.56 39.5592
7968.36 22.1238
497.314 152.622
2092.21 44.4175
4174.2 32.0712
3129.8 38.7905
1748.77 48.6806
4175.16 30.7755
2437.56 41.2548
1806.29 46.6402
5126.57 27.2661
5533.98 27.3276
858.878 129.602
1945.66 47.1934
5641.49 26.7929
840.632 59.0769
1134.05 61.849
3016.48 39.6401
3099.19 34.1304
5533.09 27.2054
2596.56 41.3307
2675.65 39.739
966.513 119.074
1829.85 47.8088
4382.74 31.2074
5228.79 27.9517
3826.2 33.1759
1057.87 63.3077
1872.73 44.2898
1194.87 63.1947
514.722 79.7253
1265.57 53.5394
4393.85 27.5805
1668.25 50.5318
5215.93 27.9269
610.447 77.4314
4804.59 28.7004
964.206 59.6035
800.774 142.348
5243.1 28.0155
6002.87 26.4929
5449.29 27.5163
4821.77 29.0349
5481.15 27.053
1243.18 57.6919
4637.35 30.1222
256.798 363.211
3466.84 36.1488
4839.13 29.2072
3067.54 39.4943
1955.56 47.8175
1095.45 62.2024
5361.64 27.4841
2484.27 40.8522
1477.54 56.348
3125.4 35.2601
3122.11 38.7992
5557.74 27.2558
696.997 77.9765
2795.83 39.7872
2566.71 42.7856
1853.23 49.0969
3676.67 34.6918
3739.08 32.5265
659.805 74.7229
964.436 126.369
4451.95 30.5195
6092.83 26.4316
3393.71 36.0827
1520.13 52.5055
2625.41 39.4971
3928.89 30.7116
1463.83 54.7286
2738.41 39.3832
880.001 73.6095
2168.96 45.0375
1070.99 64.6417
2618.07 42.7554
4141.59 29.9024
4102.13 32.6048
2281.7 39.7231
2505.22 41.8843
1228.89 58.1632
2788.77 39.0498
4591.76 30.2605
3660.7 34.1687
2439.51 40.1296
3884.94 33.6773
5565.1 27.1589
4232.83 30.2775
3394.4 36.7333
4273.06 31.7077
2110.13 44.9336
5229.89 28.0896
2139.06 44.2223
5108.24 27.0985
565.588 88.6344
2339.82 36.5643
4299.41 28.7572
2274.3 43.653
453.405 102.86
1630.01 48.5191
2873.17 36.8761
282.482 342.551
3004.36 35.8367
6207.04 26.2909
5284.69 27.8875
2598.98 39.7543
2687.33 39.0203
1858.04 49.5003
576.989 85.7956
827.368 72.3602
5796.44 26.8054
2807 41.4677
365.033 274.232
3765.72 35.3824
4080.99 29.2738
1886.66 46.6657
3668.14 31.1882
731.536 76.844
4843.39 28.9989
3618.31 31.8888
492.841 97.8503
5974.94 26.4752
4206.94 32.1361
2784.31 41.1154
3678.39 30.7842
1805.85 46.8478
4192.47 30.3318
2531.25 36.594
1028.76 64.0541
3118.71 38.9246
3357.34 34.1097
5945.44 26.5781
4330.9 31.4271
8096.48 24.5344
803.131 69.4289
1457.93 54.2238
4203.24 32.1568
4736.73 27.9997
4081.19 31.5376
1490.03 52.412
1374.68 57.7578
4673.61 29.9948
4639.13 29.8998
712.192 80.1246
3398.56 32.0231
4279.33 28.9131
4898.36 29.0698
5370.77 27.7095
5413.66 27.3606
2931.94 35.9892
1068.36 62.8928
1016.13 64.0985
3180.74 35.6143
176.744 163.674
1911.46 48.6196
1801.61 47.4378
954.378 66.1801
2634.89 41.4055
878.02 69.5752
4195.22 32.22
5679.6 26.8573
2241.58 44.1218
2490.13 40.8266
178.134 169.058
530.391 93.6791
4293.14 30.8978
2358.54 40.728
4551.95 30.477
1004.64 63.0562
4558.33 27.9367
2763.48 40.7636
3695.07 31.7189
1762.24 52.1375
3277.07 34.8301
840.923 153.508
3631.84 34.8219
1436.74 55.0519
4372.62 29.0081
4326.07 30.7162
2742.6 40.2523
3706.41 30.9218
4732.86 28.3928
2431.1 39.5398
1833.38 48.6125
1459.48 55.9457
4681.96 29.3994
659.917 82.6669
1613.49 58.2891
1085.31 57.711
4386.66 29.9657
6057.72 26.4456
4794.03 29.1633
4110.49 30.5656
5087.53 28.5106
3798.68 32.0027
4761.58 29.4453
3046.1 36.0485
4694.48 29.7684
932.332 60.9086
1013.3 67.1838
5588.6 27.079
3341.78 36.8109
1983.64 43.1736
428.353 105.032
4323.22 30.0249
1325 60.0718
4100.32 33.3774
2492.25 38.9502
4101.24 31.3086
5513.19 27.1813
179.043 163.643
3363.52 37.3229
463.102 111.146
751.51 77.139
2807.86 37.0436
646.68 81.839
858.804 21.1397
3640.4 32.3664
5063.23 27.9108
4330.54 31.4777
4057.71 32.2274
1649.68 50.8354
1862 50.4011
2614.33 35.5387
4251.22 31.1616
2783.67 41.9695
1524.75 53.8317
4487.01 30.8087
4659.74 28.1027
2506.56 40.6057
2600.46 42.0082
217.796 164.167
2597.78 36.8396
1829.98 49.55
4479.36 28.764
794.448 73.481
877.726 67.5986
2585.26 40.0843
5061.93 27.1369
3314.8 34.6031
130.826 200.789
463.769 78.3263
4331.18 28.1515
3500.45 33.8096
1310.77 61.5411
1118.45 58.9361
1258.76 56.2917
2599.26 40.1611
3880.78 33.2436
5361.05 26.8723
1724.46 49.7643
2270.51 43.0867
1317.5 55.2327
1018.95 64.2823
3472.51 35.7597
3419.72 36.3248
4924.86 29.04
5193.92 26.8427
4432.91 30.8613
1511.75 52.0263
1085.71 65.3886
2503.21 38.1799
179.057 169.503
2319.52 43.1263
4313.21 31.2759
843.221 64.7727
2616.98 43.466
3279.73 39.7367
4101.26 31.2111
257.573 83.0334
1788.82 49.4914
2675.05 38.9609
3750.5 31.849
1784.91 49.804
901.07 69.1489
2912.72 37.374
2699.98 40.2188
3283.81 34.1609
3598.2 35.7703
2900.62 37.2644
507.576 93.0503
270.233 124.081
2656.06 42.8425
2398.8 42.0195
1442.66 54.5936
1033.98 61.1991
2674.78 42.4144
5997.34 26.5263
3280.36 36.3251
4998.46 27.2953
1832.82 47.829
2750.98 41.9509
3321.74 32.6205
2487.69 37.6894
943.211 67.2175
2395.81 39.7544
2458.25 41.2591
2815.3 37.9581
1915.72 46.2239
4691.96 28.7779
2827.99 40.5282
2561.15 40.2105
3424.31 32.8246
2375.56 40.7374
2507.88 39.4798
4495.45 30.7206
1633.2 48.1322
4911.48 28.8707
3716.45 30.4231
5927.1 26.5999
3041.11 38.4486
4146.36 32.1011
3346.73 32.9673
1616.13 45.8541
4493.27 27.9868
4324.71 30.856
112.106 230.329
3700.53 35.0758
3539.63 31.693
2174.47 43.2407
1876.35 49.16
3194.66 36.393
5492.08 27.414
3778.73 33.7918
3226.19 35.4246
3187.72 34.549
4500.44 30.7318
2587.25 39.9809
2544.39 39.2202
2106.4 46.4262
3710.49 34.4026
2845.14 38.1398
4510.34 30.6473
2694.23 41.3281
5702.93 26.9882
2466.82 35.8056
1487.35 53.036
2568.76 39.9744
4727.13 29.385
405.477 108.706
4742.37 29.6889
1361.1 55.1574
4274.4 30.7398
5386.69 29.0496
1011.48 60.1049
5636.82 26.8035
5910.45 26.6202
2210.78 42.2365
1048.78 61.5861
4474.47 29.8934
3544.88 32.3794
4220.87 31.6196
1563.65 48.9587
4165.11 32.1384
2093.48 44.4269
1734.12 49.5131
1448.89 55.3531
1186.34 62.4341
2606.02 40.3203
4625.93 29.9918
3568.84 32.3261
1452.1 54.4217
4118.2 30.8452
5001.15 27.211
4700.04 29.825
2369.52 42.2181
4526.66 28.7305
4949.51 28.9319
3004.21 39.1917
4761.96 28.6381
1019.88 68.2253
5511.62 27.2698
1163.72 57.0235
3884.36 33.7183
4946.59 28.5226
1134.61 60.1658
5066.98 28.072
2683.27 41.2205
364.254 129.335
1020.17 65.4254
7724.22 21.4737
3871.5 33.676
3866.01 31.8526
4347.65 29.6846
5268.67 27.6908
2624.85 40.3244
751.889 74.844
4819.05 29.2833
412.703 101.367
1790.59 44.6727
1725 48.4069
3457.92 36.0647
8048.39 22.8985
4381.29 29.046
2033.94 44.3931
713.466 71.9193
2266.43 43.6916
5287.04 27.2139
1455.74 50.1488
3372.41 34.1475
2466.97 41.7028
112.048 221.53
1313.1 56.1938
1416.57 55.8341
795.628 70.0941
3344.82 33.4677
4899.39 27.1266
1444.98 57.1719
1427.78 52.1542
2394.49 42.1312
230.923 142.911
845.467 64.5427
3536.02 33.5876
533.087 82.914
1085.43 61.8334
3504.98 36.2892
2666.06 41.2906
2605.76 40.8935
3033.43 38.8189
270.285 121.91
3182.34 38.3049
1761.44 44.0851
1888.56 49.1354
4902.52 29.044
3289.07 36.6315
172.118 169.192
576.851 83.6424
969.095 71.0147
1830.21 47.8204
3525.34 32.5947
3494.39 32.3119
2559.29 42.4236
5834.8 26.7507
4355.83 29.6143
1017.49 69.0135
3246.45 33.6851
871.474 69.882
4938.32 28.7159
5063.42 28.5172
3251.1 36.1828
1735.79 49.5099
840.304 71.1245
966.774 65.1679
172.174 187.156
4682.28 29.0911
3942.57 31.0541
2971.14 35.9377
4462.63 33.5049
3378.04 33.0494
263.68 121.126
2568.48 40.0794
4507.35 27.3528
3005.74 38.7706
703.385 73.893
4087.14 32.2746
4127.51 28.8795
1498.57 52.3722
81.1689 315.168
1291 54.4957
6172.01 26.326
5028.48 28.6175
2702.56 40.3602
2620.09 40.6967
3559.78 35.7552
539.971 92.6458
2208.33 41.09
1830.29 51.6846
5506.51 27.3788
1137.18 64.8452
4192.06 32.2383
5392.66 27.6365
3331.84 33.1723
4450.87 29.7904
5272.88 27.8809
338.745 106.432
5676.77 26.9923
653.203 80.6761
257.22 136.883
2844.7 41.5246
4259.35 29.2118
3589.14 33.3087
1942.58 43.2333
525.934 84.8592
4311.75 30.4631
2163.52 43.4352
5199.74 27.9603
3281.53 36.8972
1234.21 58.4495
1847.56 47.7027
1564.98 53.3647
1374.15 49.3665
3028.55 39.374
2609.01 42.7761
3870.71 30.0355
959.499 63.907
3305.05 35.0988
1594.52 51.7785
3052.64 37.1292
2192.68 41.5577
5514.18 27.3843
1646.83 48.6803
1952.29 41.3571
1974.63 45.0396
2271.84 42.2093
1764.36 51.3642
256.798 68.1695
2922.91 38.2367
263.809 134.597
2492.67 40.2247
3896.38 32.0688
2120.31 43.4534
453.515 94.8439
342.598 123.25
2322.13 43.1077
3183.6 38.4559
5024.07 27.572
433.747 96.5632
2653.72 39.1767
1029.1 60.8867
3415.14 32.3121
3259.59 37.4323
972.812 68.1041
2666.82 38.9607
1038.56 64.887
844.004 75.5673
1317.14 49.9282
696.8 78.5191
532.555 92.9635
4464.26 27.207
2915.3 38.6431
2502.49 39.7581
3098.61 38.1367
2469.42 40.1116
1269.75 55.7197
1778.26 49.9323
329.757 120.766
3456.64 31.9914
843.975 69.732
1779.15 44.752
463.034 100.4
2537.69 40.3677
3680 37.0089
4680.79 33.596
1842.79 45.9607
7996.47 22.2991
5245.09 28.0301
5014.89 28.4314
5088.52 27.5523
539.144 82.6201
5189.49 28.174
5129.48 28.0906
3234.75 36.107
2044.27 119.693
2339.18 39.6331
1227.28 52.2213
4559.61 29.2517
1753.16 50.8005
4805.25 29.4134
3289.11 37.724
4811.37 28.2921
1686.01 48.0299
5390.39 26.162
2057.56 46.2341
707.244 77.2015
1733.08 52.1025
1941.57 43.8772
6105.66 26.3945
5277.5 27.9129
1764.93 48.8032
2167.84 41.2347
1289.2 58.7835
1406.5 53.683
184.287 157.68
3654.94 33.5766
2610.92 39.6073
1827.1 47.6663
1864.81 46.3626
1114.24 66.6384
5492.79 26.898
979.573 67.3528
1597.48 50.0101
5224.35 28.0871
5566.83 27.1563
1957.61 49.1803
5800 26.7729
4313.64 29.0343
1592.06 49.6364
484.491 93.0946
438.777 93.8478
8004.48 22.7693
3112.77 37.6847
1493.95 54.2975
4425.83 30.6307
2852.28 40.0729
4385.16 30.8806
